9.48206479868
98.2039771483
146.171541609
531.755205657
813.275844528
892.077263166
2135.97838488
2180.59132626
2376.12515651
2395.02360391
2413.61545331
2427.78777347
2672.63983569
2756.21843186
2762.42829474
2898.28117307
3703.6869085
3919.08443112
4078.46038941
4081.2252086
4102.21692193
4261.10226398
4797.7170141
4987.96710875
5065.30774187
5257.71975234
5306.41489341
5340.33143092
5448.3295468
5520.39413593
5539.62122341
5632.00010845
5746.4843221
5987.21042654
7711.3608483
7999.51544584
8442.30489046
8491.48542375
8660.04066343
8813.48031387
8816.09909575
8867.21136732
9054.66219694
9418.98989054
9535.85579729
9607.89347966
9742.6356808
9800.7978745
