9.06977887612
62.6056456472
146.729234685
328.112986988
526.648658265
813.644224238
892.087791585
1148.07065023
2133.74696643
2135.70095005
2375.39447893
2413.56280737
2672.11164553
2756.19559236
2762.4404753
2816.59027471
2897.75501108
4078.95933785
4102.14207456
4185.17171526
4216.66164979
4987.40276395
5463.8135822
5539.74682693
5631.24972078
5746.58887569
6139.28607446
7617.20830144
7622.7869385
7711.48604253
8326.48458494
8492.04765089
8660.02600267
8758.23156084
8813.78933725
8958.48226943
8991.78621389
9030.809588
9057.82652782
9377.55119134
9608.44909213
9663.59905575
9798.40424692
9850.36504171
9876.8921036
