62.2962654824
328.439927544
358.191791516
1148.51318845
2375.71431387
2476.1544302
2756.28012705
2758.32447809
2897.82262305
4102.10459019
4118.63275198
4987.83575314
5257.97784642
5340.33560367
5447.92958537
5463.4209126
5539.72912554
5746.90130879
6139.65065012
7617.14596813
7925.9935175
8005.9152563
8326.92064502
8442.16291913
8491.78970093
8959.14019409
8992.03066377
9056.88559753
9174.95556827
9376.93668575
9535.56264754
9545.13715279
9664.31668173
9798.79371168
9850.85749916
10047.7560027
