9.56451273682
62.057548131
98.2411289395
146.932945935
328.265887248
357.731831772
526.61860955
813.235461557
892.845690201
2135.97418046
2180.90468279
2475.8097765
2755.99925979
2758.85424968
2761.84377412
2816.46019832
2838.60719631
2847.8355557
3041.69349252
3147.8161881
3344.50102989
3599.27405416
3704.59270572
4081.80638712
4102.00033365
4184.84010959
4216.99655077
4261.58354527
5064.5407725
5257.60695228
5306.88270408
5340.47990894
5464.13379425
5519.99461094
5631.69927279
5746.4356786
6139.67468823
7617.5643301
7623.01178878
7779.77208292
7926.56368829
8006.02046609
8442.28743922
8659.71951174
8758.2321751
8814.16179423
8815.75756532
8958.58232495
8991.85788259
9031.46610284
9055.01916065
9418.67483366
9608.79945117
9664.3779858
9798.78268592
9800.96033581
9850.76280857
10047.4556034
