9.19354155972
146.624358442
327.905323839
358.181330714
526.283523173
532.338795653
813.917224879
1111.50984374
1148.33218636
1411.22677193
2133.50894608
2135.33954872
2181.28440425
2375.1705698
2394.64414267
2413.59340622
2428.36084973
2475.93346073
2673.00478848
2758.30444682
2761.97268843
2816.06250535
2838.67826277
2847.57565551
3042.2018537
3598.90200288
3704.28856741
3919.26041469
4002.05810775
4078.29970183
4081.71697675
4102.43909759
4118.61832128
4184.90785222
4217.02808491
4261.68998925
4987.45421679
5065.38877054
5340.1624409
5421.67213745
5448.56160203
5464.16849199
5520.86227295
5525.07432084
5539.43113976
5631.88242042
5986.43357478
6138.95266053
7711.43502752
7779.47447456
7925.91487702
8000.10615524
8005.57772707
8442.04591441
8492.09141994
8659.21768141
8758.90022378
8814.02453626
8815.69087467
8867.33102908
8958.67250616
8991.83152454
9031.45761117
9054.83692818
9057.21999267
9175.32472506
9377.59651213
9418.91038116
9545.51647378
9664.51949473
9742.56994525
9850.91796498
9876.90979756
10047.7665452
