9.7253927352
62.5304450553
146.751433893
328.299314343
358.357571619
526.30688271
532.24368663
813.60000506
892.036688674
1111.16636067
2133.90429847
2135.20980582
2180.4297667
2394.94711751
2414.07679052
2428.60396685
2475.91540925
2672.23504812
2756.15210705
2758.29201767
2816.6032367
2847.72445387
2897.480824
3042.22806182
3147.60218695
3345.26192304
3599.03008819
3704.58209944
3919.24153936
4002.47200542
4081.95658155
4119.0675599
4184.87765646
4216.71690487
4261.46511142
4551.04042995
4797.87665623
4987.38660827
5065.16318228
5340.70777579
5421.50575068
5520.28908101
5525.12188683
5746.51321118
5986.94737975
6139.40554538
7616.81730665
7711.13325417
7780.05295926
7926.08313983
7999.1780531
8005.47760939
8441.98045923
8492.08707898
8758.31191045
8813.93406739
8867.1473008
8958.80256817
8992.24897667
9054.92208387
9057.47557188
9175.29396005
9377.60482744
9418.55460933
9535.00829585
9544.80581531
9663.64832903
9743.15230339
9798.74566315
9800.26341955
9850.7300659
9877.13793089
