9.70578740392
62.1460482582
97.798632928
327.964935786
357.786323821
525.774895778
532.321547228
813.44666912
1111.41368663
1148.04642554
1412.18520106
2133.5118216
2135.80517927
2181.22639658
2375.23817341
2395.11203003
2414.17166488
2427.87858155
2476.4785557
2672.60297365
2756.3085706
2758.75296
2762.15626057
2815.99542054
2838.62917911
2848.17772534
2897.53414016
3041.53595316
3147.44800525
3344.70096309
3598.96706296
3704.25821343
3919.13256739
4002.50182101
4078.9639466
4101.83468256
4118.87609402
4185.6533267
4216.77147006
4261.20440274
4551.06355593
4797.26565996
4987.88596137
5065.34514581
5257.75938458
5306.337
5340.0185369
5421.06645344
5448.4148267
5464.35516314
5520.36987675
5525.93369868
5539.49167971
5631.43621226
5746.41403411
5987.14749531
6139.5644744
7616.96850655
7622.36781596
7711.19063652
7779.48127683
7926.44332509
7999.53190241
8005.69247537
8327.00621149
8442.47638725
8492.0998108
8660.21186615
8758.24008794
8814.28706728
8815.43702046
8867.29470969
8959.06687294
8991.67704812
9031.58278527
9054.4615693
9057.31968745
9175.29879097
9377.27340234
9418.75044952
9535.18149824
9544.80378162
9608.75666137
9664.45990836
9743.16796391
9798.77022511
9800.464063
9850.71147944
9877.43652514
10047.8810708
