9.38239840113
62.5337027375
98.076170526
357.695339324
531.615636474
891.902918206
2133.76649296
2135.95213698
2181.13914974
2375.4486996
2414.21721694
2428.22879325
2475.97865933
2672.16266385
2756.02399302
2758.55826225
2761.99909856
2815.86863594
2838.89125746
2897.48668183
3345.19833626
3599.29503045
3919.36793037
4101.73630837
4118.71530833
4217.14816744
4260.86098885
4551.35535467
4798.0534077
4987.32754621
5064.94418044
5307.19183767
5519.94693617
5525.1476412
5539.68299207
5631.77687746
5986.45812924
6139.29984732
7617.51766511
7622.85759232
7710.84841658
7779.54744669
7926.10516192
7999.3363997
8005.45337976
8326.87344467
8441.84166334
8659.88757939
8814.24109006
8815.38740822
8867.42804023
9057.34109705
9174.69381491
9377.50520017
9535.31499623
9545.20586734
9607.9737337
9798.80388
9800.79524425
9850.75224734
9877.0979748
