9.36544261724
97.4252651198
146.475975155
328.373114146
526.607657596
532.061619284
813.777060701
892.205897396
1110.83299695
1148.17574163
2133.29541668
2375.19366113
2414.27865297
2428.66265405
2672.54130801
2758.75341151
2762.18765157
2816.13272831
2898.30151186
3598.64081115
3703.83512139
3918.83276303
4002.18730078
4078.46503388
4081.94376162
4101.75219397
4118.32706814
4185.3647774
4261.05589398
4551.1158192
4987.80253048
5464.28047427
5520.04051384
5747.02622686
7617.69720654
7780.1387021
7999.29180432
8005.85883532
8491.82918606
8659.6286501
8758.14108369
8816.04248596
8959.14901688
8992.50850276
9031.47752787
9419.10415379
9535.14736587
9608.25449781
9850.3226172
9876.85776281
