61.3918321179
158.418174038
166.226125101
436.772840843
479.486559288
492.40510158
505.891627745
539.985542041
625.336420417
673.449626706
682.781534881
716.925426819
723.954040783
766.73177463
840.983455577
936.029386371
989.552781493
1005.60977655
1118.0353656
1276.86744548
1951.18789782
1982.24198352
2313.39145956
2410.55696885
2551.54626509
2568.93003148
2612.45588465
2721.32900886
2783.20739708
2785.27162998
2933.26487585
3086.16012365
3633.69019097
4230.16148233
4258.2571636
4259.81132446
4384.79114363
4402.36521614
4463.94224592
4527.74161404
4542.30746913
4548.20878886
4570.05542697
4585.80361694
4720.28822988
4792.23341862
4857.52645566
4900.77811782
5019.30536948
5024.75660866
5059.96000826
5220.91137415
5351.34451218
6650.02383106
6650.23519311
6651.19224041
6826.45031505
6904.56255406
6922.37909434
6959.7361413
7051.97917363
7224.13549883
7278.42489885
7297.80639594
7597.16056146
