158.638476039
436.874919067
461.202297589
506.351500592
540.116286993
625.058008965
682.534820599
766.145260615
936.176204809
1005.21942383
1117.77849474
1276.7547371
1982.40761551
2428.73948854
2551.44112648
2569.18064235
2612.81297877
2706.96301767
2784.51541275
2934.01667645
3633.4667544
4230.23246355
4260.51115814
4385.05830322
4463.74876553
4527.06859093
4542.88598047
4570.4045848
4720.25893315
5019.29135691
5024.66298269
5059.59937445
6649.99370667
6650.85776294
6650.52770844
6904.73628497
7224.17961582
7632.17968741
