61.8330183461
158.621912474
437.080470603
462.059531975
479.183329513
491.866030318
506.069190525
538.586555191
539.69466035
624.838518086
674.056110257
683.251908117
717.26490293
724.003690739
764.769009516
766.608548722
841.637996742
936.304059668
989.209015064
1005.19432061
1118.2187244
1277.09110235
2047.6416995
2110.09271606
2410.50721858
2429.08649542
2542.02574693
2551.8970017
2568.8459534
2612.44224957
2706.63350434
2721.82041817
2783.30296317
2784.5357973
2933.99747934
3085.79912078
3160.44231241
3633.94211097
4230.0699387
4257.92415715
4384.52985639
4402.30699088
4459.51785433
4464.1403189
4527.21856349
4542.67726787
4548.13901376
4569.66837387
4570.71775475
4585.80806656
4720.18854969
4792.64558196
4834.53818167
4900.11091292
5025.6112965
5059.54610702
5079.15463774
5221.02611658
5351.42316136
6649.81296184
6650.09066404
6651.16718441
6826.86612142
6904.00564933
6923.3235137
7224.3364439
7278.12972898
7298.25106819
7596.86604456
7632.32859264
