61.2162481626
158.676991514
165.86810282
436.383692618
461.736521485
492.396121765
505.923013229
538.467292081
539.755592393
624.566809777
683.319276993
716.748639797
763.827925514
1004.81949241
1118.36942828
1276.88966536
1951.73992893
2110.4518484
2313.57153088
2410.22361636
2542.3068759
2721.28630932
2783.78743179
2785.12237267
2933.28962272
3160.93911693
3633.55152437
4230.1568039
4258.53315607
4260.00086916
4384.98235951
4402.35456054
4458.95378823
4464.00513683
4527.71186158
4543.06085452
4548.3210283
4585.97404562
4719.94573351
4792.24246506
4834.08278371
4856.89473901
4900.58026215
5019.05470205
5024.66479209
5059.50919114
5079.27202741
5221.37163053
5351.46192006
6649.66766696
6650.3969541
6826.78557934
6903.83609817
6923.30494968
6959.63909012
7052.11430864
7223.97552501
7277.56127061
7298.0947244
7596.43185035
11667.0916381
