157.923004559
436.300349195
461.602483403
492.706960585
539.072423728
539.53642162
624.63712281
673.928113206
764.413954701
766.244067208
840.824037249
1005.59752716
1118.2009406
1951.37010057
1982.70034893
2047.84993205
2109.8381695
2313.11160435
2409.9209994
2428.17134486
2541.90975779
2551.53717793
2568.72651911
2612.41689981
2706.91868906
2721.73572534
2783.89165563
2933.84734226
3086.55273335
3160.67721815
3633.75800375
4229.95490973
4384.9152595
4527.18713761
4547.87086746
4585.73083439
4719.99608024
4793.06495624
4899.94092686
5019.11818374
5024.94425577
5351.64363693
6650.24437611
6651.17219786
6827.24236671
6923.04792623
7297.87038096
7596.68382595
7631.53755659
11667.5061141
