61.6257041483
158.095765651
166.242953855
437.089285966
461.824051436
479.120814033
491.980454554
506.182985965
539.074713433
539.621622015
624.678131956
673.277082889
683.334343421
717.310033149
763.942726543
766.208804744
841.520147877
936.104141905
1005.36940179
1117.65572971
1277.10789843
1950.89990274
1982.86199598
2047.74833122
2110.37951951
2313.39634444
2428.70994578
2541.95236143
2551.29535626
2568.99208624
2613.09994144
2721.3751474
2785.32150923
2933.65529697
3160.92653015
4229.65753397
4258.6179222
4260.0156507
4384.85734193
4402.04642614
4458.99823353
4464.36907103
4526.90055538
4542.31658547
4548.0229344
4569.9325477
4570.33456997
4585.91561391
4720.55902776
4792.56472872
4833.85277039
4857.83216534
4899.84370122
5018.6114683
5059.85833813
5078.93566144
5221.4849678
5351.36511968
6650.05915902
6649.91543039
6651.25053881
6827.20073464
6904.1793313
6923.31953844
6960.47403645
7052.88060092
7223.79562187
7278.45663167
7298.34775423
7596.56342245
