452.895587874
526.86977601
574.10495482
967.362807576
2582.0908261
2785.02850495
3002.42233999
3207.71665627
3298.80766666
3432.43080875
3876.41379223
4399.4021316
4807.68923389
5182.08466769
5550.30399196
6017.53406042
6020.25157148
6030.58703874
6349.54814743
6496.89247353
7936.9694275
8045.81587025
9331.75256067
9388.04223064
10317.4229247
11206.9989439
11707.0710113
12137.8277349
12192.913124
12234.3256272
12732.6175368
13182.7049967
14227.9151673
14279.1369832
14596.856602
15011.6942464
15318.4203347
15501.6213065
16070.6904217
16177.5029191
16818.9417627
16844.7202689
18388.6100812
18657.5753576
18824.2509083
18918.311482
18996.6007699
19468.6716606
19600.4367897
20225.8886551
20415.6653591
20726.3703977
21011.7981945
22154.4185841
22261.1441343
22439.0842447
23670.826379
24679.4827145
24922.4487772
25099.5832817
25233.922809
26499.2292062
26789.887318
27180.8781893
27807.120156
28780.831395
