331.712893752
439.729954166
453.39357585
574.039584782
681.628662843
798.318245411
909.238397796
1060.10777687
1092.78104415
1196.29765348
1323.76059981
1666.96319506
1667.45574397
1718.34505026
1852.8500128
1970.76264009
2063.61831435
2160.91646272
2351.29505086
2525.97522544
2582.43405405
2784.90606783
3002.23687919
3208.04786761
3252.37233471
3272.95379929
3299.1492367
3432.15976623
3780.20364464
3876.12030871
4036.96088075
4283.1771503
4399.06609117
4470.60214596
4496.21172651
4691.30373311
5049.19988915
5094.15908773
5105.91376779
5181.64556727
5231.43807736
5310.83207227
5312.43775672
5328.50821675
5549.79515656
5747.50952833
6018.12577644
6046.45979953
6167.10531929
6251.47513989
6496.8174817
6653.97997912
6811.81936932
7236.83932978
7621.04860794
7709.80083037
7816.18546069
7837.30868904
7851.83984623
7937.20908636
8045.55360677
8045.98153904
8074.93846833
8282.57047094
8394.59290476
8410.62927175
8444.47830906
8476.14489654
8606.79020171
8671.7430537
8850.54657473
8852.8363148
9002.52030781
9158.03219748
9315.18495333
9318.14283947
9331.17865816
9375.03730993
9388.82932339
9650.63473335
9679.43202228
9952.73906643
10236.2015012
10317.4278299
10408.327626
10410.7213031
10609.379827
10644.3458497
10801.0083276
11041.1621663
11176.8411246
11206.949556
11707.1432759
11944.2799738
12192.9575667
12234.874312
12595.9028663
12648.9167136
12674.8017514
12684.7360662
12711.0883778
12732.8166394
12786.1940049
12958.1837657
12997.3225053
13182.6504667
13216.2270001
13906.8655861
14007.7715362
14394.1865778
14596.8482464
14807.8247348
14897.3209823
15011.8007444
15048.3824938
15217.6373837
15318.950442
15772.9831042
16071.0522448
16140.5906569
16177.6272382
16239.9726372
16337.8607644
16386.7530823
16576.827804
16732.4557331
16845.0378985
16848.6080297
17170.5679959
17451.4729457
17536.5856531
17778.3346516
17974.7497548
18040.5890025
18171.2526721
18179.2714518
18240.0876621
18284.7727069
18351.7955305
18372.6275624
18388.9135488
18453.5590045
18566.0548985
18585.2948689
18626.004804
18656.8721812
18824.09804
18919.6170553
18929.5703057
18937.3468495
19020.5278984
19056.9925413
19170.1724169
19231.2118589
19600.214423
19965.0402642
20103.0297983
20224.9819988
20299.5624569
20415.3916231
20567.8086943
20669.2685635
20726.7091434
21165.033253
21203.2588659
21221.2481689
21243.066957
21263.2194107
21689.1853717
21741.9769892
21840.6323069
21843.0947745
22041.1902386
22145.5607567
22165.6587738
22198.5816476
22261.0948541
22378.8425793
22439.0956353
22618.4783001
22650.5500874
22770.1402586
22987.1111373
23253.5344086
23670.9870677
23929.4709846
24062.0226515
24122.2897267
24410.55471
24727.707625
24922.7659465
24931.1713427
25099.5123098
25144.5785511
25234.0861886
25300.0736457
25348.3242287
25517.1444765
25732.4509958
25946.2354216
26265.4281144
26445.9572304
26498.9357589
26543.1199561
27068.7980356
27077.6697028
27157.9440018
27181.5177162
27531.5016899
27806.4297719
27866.4457467
27888.6910995
28056.3164675
28061.09811
28072.2380396
28221.0567688
28447.156734
28509.9385176
28780.4679377
