332.384188025
439.519709323
452.766711058
526.71700302
574.154054112
681.634854573
776.591087098
909.576060994
967.132307476
1060.69257955
1092.48219931
1195.82475409
1509.22738007
1667.44287137
1718.93894032
1852.93286351
1957.58635637
1971.64936416
2064.22021786
2160.60053505
2281.73785808
2351.38222923
2525.81575023
2581.74189874
2660.88113725
2784.95672591
2931.34207682
2950.56095337
3002.21974951
3252.64186439
3272.70350581
3432.59406612
3780.26731437
3788.0276528
3876.44892573
4013.69209361
4036.43040438
4283.38854495
4399.36545831
4445.57835284
4471.27083551
4496.23507946
4662.58578063
4691.20089128
5048.81881393
5093.98039308
5106.06125738
5126.75440675
5181.66697763
5231.20086916
5310.74602289
5311.63575867
5328.21002772
5550.10797172
5697.42488557
5747.63240168
5889.11052581
6017.35794376
6019.96279623
6030.22499319
6046.40109085
6166.64678385
6350.47892245
6423.19963514
6496.77024217
6811.28445865
7068.71030722
7236.33422442
7239.82062674
7610.27002792
7709.88208692
7726.90674289
7816.03203847
7837.49896875
7851.51698886
7936.8012797
8045.89186446
8075.72715103
8282.67200574
8410.18145283
8445.03272765
8606.15610693
8672.03529666
8849.32544594
8850.34147851
8853.44651552
8963.68494498
9316.07068941
9317.33015202
9330.93078811
9374.79606636
9388.35218355
9650.34370082
9679.32995592
9951.87467995
10316.9134738
10410.6539795
10609.6320574
10644.437152
10659.34505
10800.9494536
11041.2961665
11149.6635354
11156.6162143
11176.6900937
11206.8750931
11492.8700319
11597.6964674
11943.5320435
12107.4131205
12138.3492894
12163.6740268
12193.1133412
12248.5524844
12473.3778784
12596.3898502
12648.2172624
12674.819267
12684.2066247
12711.3297381
12732.9340334
12786.8142938
12945.3448832
12958.6012587
12997.2577116
13010.0546328
13182.5896781
13899.1160628
14007.7006135
14278.4222262
14328.7254919
14394.4858942
14596.6054528
14808.4975169
14897.9121264
15011.4188293
15048.4834228
15319.3632622
15501.3774644
15772.4518432
15796.6694567
16070.4658347
16140.7692376
16177.0561399
16240.2720959
16337.5842419
16386.1746148
16444.2320238
16576.1483892
16738.4375979
16818.2825721
16845.4978224
16865.3783091
17057.6014874
17169.7945474
17451.286786
17778.6308699
17975.0202011
18039.8841962
18170.45411
18239.6848426
18241.5775756
18284.0172991
18352.6595921
18372.0370923
18388.5671589
18447.0374494
18453.2107143
18565.5636588
18584.8537309
18626.6025299
18657.0163577
18824.4596218
18919.848051
18929.2447386
18937.5507993
18996.2441713
19053.5835961
19056.8278832
19170.3103631
19231.8521523
19600.4027014
19965.1528311
20102.3440893
20225.0774836
20299.482221
20416.3171401
20669.0114631
20727.1988159
20828.9981447
21011.0513447
21165.3737958
21203.1405964
21217.124757
21221.4409538
21243.3566777
21263.491312
21364.8092045
21689.3076714
21741.9819451
21791.781536
21840.0167686
21843.2380238
22040.6937199
22145.4222591
22154.1640735
22165.1117828
22197.9458958
22261.1494708
22438.8070342
22459.1101636
22485.0627784
22618.9411668
22650.3388156
22986.9231525
23308.5152079
23670.6389892
23929.5461538
24062.0651518
24122.2186423
24320.4095798
24410.8342794
24678.6621886
24727.7834711
24769.0030529
24922.8388084
24931.3684578
25099.6704825
25144.484873
25233.884175
25300.4658477
25348.5242695
25517.1525089
25732.1717468
25916.109525
25923.0950229
25945.6766057
26057.0993631
26145.9727503
26179.1886227
26264.9907772
26427.8436626
26446.201587
26498.9308327
26542.9712049
26612.3016283
26790.5502172
26836.0935598
26876.6675441
27068.9562809
27077.859127
27147.1556771
27157.1907445
27181.0121801
27531.9666376
27806.9984683
27866.565733
27889.2550714
28061.4868292
28071.4232947
28221.1202947
28447.3732271
28510.3424604
28780.7806006
