331.751861741
439.375928411
681.764907873
909.745530033
966.643002757
1196.51437281
1718.59779348
1852.88560031
2160.22377644
2525.86921112
2660.70491624
2784.75871086
3208.21058144
3252.55599035
3780.57663712
3787.6689426
3876.70453479
4036.6085828
4283.59549261
4808.15439315
5049.32800703
5126.43753853
5231.18405631
5311.9822046
5328.49554315
5697.12020099
5747.54013202
6017.38035749
6030.43790093
6046.1811108
6252.27392005
6350.07983758
6422.59716429
6496.59173622
6811.11457223
7068.20256518
7610.53545687
7726.18166657
7815.83239749
7852.40917604
7937.00010264
8045.94484773
8045.5484676
8394.41145345
8410.02258334
8444.26810863
8476.12767785
8849.91018153
9249.69121434
9331.27072017
9374.65312596
9649.9400517
9951.91570651
10236.8349132
10316.9934001
10411.1679133
10609.6369091
10660.2509203
10800.8701939
11148.9739649
11492.6682936
11597.7408141
11706.8748268
11943.7995914
12107.5605269
12138.0195871
12193.0244352
12472.9824735
12674.5699099
12711.5544469
12732.8285392
12786.7088827
13009.9053739
13182.8622022
13215.736951
13899.7307606
14228.6287614
14329.0293448
14808.1815402
15011.3215965
15048.4901151
15319.2633252
15796.1530581
16140.6154166
16240.2479328
16338.048236
16386.2601957
16444.3019223
16732.2185131
16738.5230468
16818.3384357
16844.7776593
16864.8353234
17536.1452258
18170.9500589
18239.9183397
18284.6350693
18352.0338034
18372.6549523
18388.6275141
18447.4367268
18453.7825633
18565.9676347
18657.1126518
18824.9069405
18917.9801297
18919.639274
18937.45662
18996.4489138
19054.0656554
19057.4421914
19170.3521258
20102.2983744
20225.8865186
20299.3382519
20416.3031773
20568.1724056
20669.2451319
21011.7280171
21220.858353
21263.3540128
21364.3163458
21689.5103806
21742.2406167
21791.6996105
22154.5561542
22260.4993443
22439.0436085
22459.4178472
23254.1144563
23308.0617768
23670.7624022
24320.8899152
24331.7094328
24484.1714668
24678.5554553
24930.4711925
25144.9425459
25233.7472271
25732.3465242
25916.1795287
25923.1462571
25945.9473397
26265.0252448
26498.3472338
26611.938948
26790.4474104
26877.5249811
27146.443629
27180.8272779
27806.5288222
27888.4485685
28056.493052
28072.2397953
28448.0885461
28510.1646519
