332.067778066
453.062779262
526.323461678
573.751975873
681.595537819
775.858921998
798.155966432
909.439528871
967.313287828
1060.49390113
1092.68844879
1195.87352529
1324.12600669
1509.7074334
1667.05998533
1667.41277063
1718.3362608
1853.5629006
1957.74602433
1971.75282125
2063.97529072
2281.26776635
2351.60234184
2525.16593486
2582.3915892
2661.53910832
2784.87263892
2931.23357606
2950.49717937
3002.26116437
3208.29796633
3272.25646318
3298.39385581
3432.52940367
3780.59275009
3788.06028305
4013.18685827
4036.76251172
4283.89541059
4471.25160067
4496.30127239
4653.35275143
4663.13718373
4679.88543454
4691.80331778
4807.68909879
5094.10754164
5106.37593131
5125.85651636
5181.91917558
5231.61081456
5310.79492364
5311.81035713
5328.21165225
5550.1798679
5696.93968318
5746.84787031
5888.76027039
6018.10209169
6019.94781525
6030.5940376
6166.94844192
6251.50590134
6349.88116879
6423.40183083
6496.49069601
6654.61648038
6811.51814905
7068.64378969
7236.7668241
7610.30211598
7621.4055116
7709.82838737
7726.47683586
7815.63743508
7837.42404074
7852.05366877
8045.60332777
8046.13080041
8075.82874584
8283.00655707
8394.22230021
8410.08592822
8444.58577923
8476.46629652
8671.82019019
8849.88277983
8853.32038824
8963.98017798
9157.22943851
9250.36721271
9315.40145774
9317.84513961
9331.15902664
9375.15993257
9388.48956023
9650.55550546
9679.17851673
9952.29683544
10236.7048268
10317.5871773
10408.5971493
10410.9822543
10608.9809889
10659.9870195
10801.2389116
10971.6761167
11041.2547861
11149.4121235
11156.5793192
11176.9618517
11206.4132373
11492.8070868
11597.5756195
11707.1812813
11944.011034
12107.4968403
12137.7929367
12163.8292512
12193.0965715
12235.0650971
12248.4527324
12473.0947097
12648.2430159
12674.3633022
12684.4192586
12711.0420057
12732.6850149
12786.7720112
12944.8412776
12958.4085651
12996.5335618
13009.353252
13182.4335935
13215.2938203
13899.958485
13906.7746677
14008.5305731
14228.395677
14279.3148646
14394.1882681
14596.6802458
14808.0287698
14897.0223137
15011.5402644
15048.6873672
15217.772646
15319.0371627
15501.8705357
15796.0780785
16070.7104853
16140.4622303
16177.43025
16337.8121132
16386.8578679
16444.2463541
16576.1926873
16732.3293198
16738.1900053
16818.5121099
16845.3351976
16847.963565
16864.8667276
17017.3890051
17058.2171784
17170.1699161
17450.6968955
17535.8120728
17779.0884367
17974.9729117
18040.1391281
18171.2107878
18178.7967801
18239.5132939
18241.6222464
18284.3618173
18352.0031516
18372.7381561
18388.535602
18454.0242412
18565.3417421
18584.7695462
18626.5499142
18657.1310283
18824.1966375
18918.3558958
18929.2436405
18937.8587025
18997.1451466
19019.8381263
19054.0034243
19056.8298045
19170.3276613
19231.6821392
19600.4089966
19964.4750851
20225.2466394
20415.8966861
20567.6727399
20669.2112218
20726.7565975
20829.0695827
21011.0672547
21164.9663978
21203.1896318
21205.9758136
21216.8489003
21220.7872676
21242.9539329
21263.4142438
21364.1450412
21741.5566745
21791.6186868
21840.0370312
21842.2526033
22041.0811004
22145.2856388
22154.2350467
22165.3635802
22198.68935
22260.3488465
22297.9443772
22379.4087864
22438.6987558
22458.727804
22485.098488
22618.2850671
22650.2934439
22769.9906027
22882.3835822
22986.7859887
23254.0555897
23308.5935766
23670.4951446
23929.5947867
24062.4721177
24122.3180585
24320.4275488
24331.9551135
24410.3462846
24483.7487195
24768.8717452
24922.5918206
25099.6921831
25144.71387
25233.9811084
25300.738788
25348.1663943
25517.2330346
25732.6302009
25915.7630732
25923.0791279
25946.118837
26057.4091383
26145.9776287
26265.1624509
26446.2419567
26499.0572925
26543.0801401
26612.1823539
26790.4409119
26836.7227201
26877.0376637
27068.7798422
27077.0835409
27157.8617064
27181.4430234
27532.2870448
27806.6529
27866.3432194
27888.6720702
27963.4981211
28056.5984138
28061.6846809
28071.9879306
28220.2912832
28447.1332378
28509.8729356
28781.0313118
