452.643243852
526.670754147
573.765614075
681.640335982
775.904798131
798.609795743
909.212163601
967.294342336
1059.91909315
1092.10772425
1195.68600026
1324.31952888
1509.07014497
1667.58270946
1719.06428773
1853.12493625
1958.04826229
1970.75613404
2063.52013297
2160.43501917
2281.1001901
2351.00025491
2525.80766628
2582.31087294
2661.4652132
2785.48565579
2931.80256789
2950.71303547
3002.67637511
3208.34561468
3252.89355387
3272.45451039
3298.80836558
3432.0962562
3779.88475365
3787.67489499
3876.82996231
4013.89232545
4036.50765879
4283.77400039
4446.14764306
4471.33077416
4496.84989847
4653.104174
4662.91372208
4680.16552304
4691.36068497
4807.50433488
5048.75699796
5093.97591003
5106.03168666
5126.5701431
5182.18097233
5231.72847677
5310.70345131
5312.59489709
5328.50442545
5549.93687199
5697.25427169
5747.23487111
5889.03159629
6017.52635956
6030.36228165
6046.75139634
6167.28436203
6251.90182916
6349.62503362
6423.08973008
6496.8708578
6654.6324894
6811.0015659
7068.80142213
7236.11886044
7239.86692226
7609.89938989
7620.98600498
7710.11519182
7726.7597503
7852.32203912
7937.45512416
8045.08914306
8075.0325194
8282.65565417
8394.85832832
8410.94717816
8444.83075504
8476.54488514
8606.10127185
8671.47332685
8849.83654602
8850.93163608
8852.85158659
8963.64811846
9001.68874523
9157.49993983
9250.22194991
9315.56260793
9317.86402858
9374.5854629
9387.94934583
9649.83495158
9678.8395186
9952.73798089
10236.8778129
10317.4752559
10409.0022148
10410.4905313
10644.4820442
10801.0188672
10972.0449568
11041.2180131
11149.3692761
11156.5204359
11177.2926656
11206.8257206
11492.9821744
11597.4613262
11707.1710702
11944.2476924
12107.3685951
12137.9112905
12163.7320496
12193.3084348
12234.4998414
12248.6738887
12473.5743478
12487.8225925
12596.4540003
12648.7925648
12674.5034616
12684.2682771
12711.0655233
12732.7989818
12786.9797422
12945.3349238
12958.6707897
12996.7570121
13009.4112463
13216.1616909
13899.7632732
13907.1698558
14008.0405403
14227.9459824
14278.9481725
14328.7039932
14596.6645168
14808.2341018
14897.5738638
15217.9363049
15501.3876065
15796.4808055
16070.7127796
16140.7675917
16177.684823
16240.0458026
16338.0158468
16386.7609315
16444.4421603
16576.71459
16732.6362113
16738.2062411
16818.6719193
16848.656741
16865.46715
17017.7477679
17058.0956012
17170.0371955
17450.9619297
17536.0110631
17778.7431228
17974.8527161
18040.6140552
18170.790483
18178.691001
18239.5481941
18240.9319502
18284.6789042
18351.8689537
18389.5147377
18447.128123
18453.5808673
18565.5570061
18584.9606877
18626.8361094
18656.8966601
18824.0105679
18917.9492525
18919.3884576
18937.7198858
18996.7885748
19020.4403957
19057.2815557
19170.5129391
19231.7878704
19469.2054858
19599.9059431
19965.2562966
20102.161736
20225.0691989
20299.2968404
20415.8591388
20568.1825142
20669.4502871
20829.4590824
21011.7434322
21165.5731298
21206.2475381
21217.2213944
21243.0084115
21262.6963499
21364.4878519
21689.2686208
21741.5406642
21791.5809751
21840.0570612
21842.3502267
22041.2582247
22145.9524217
22154.3153904
22198.4177237
22260.9830476
22298.1737399
22438.5297414
22459.2912514
22485.2577789
22618.2548581
22650.0906889
22769.8367586
22882.5757026
22986.7036828
23254.00224
23308.1217899
23929.2469558
24062.5037194
24121.4705636
24320.8715195
24331.383871
24410.804968
24484.1773321
24678.6095513
24727.4788906
24768.8633864
24922.4363899
24931.3290333
25099.2878207
25234.3703172
25300.6953952
25348.2122815
25516.8453979
25732.1061828
25915.7114461
25922.9604805
25945.7720755
26057.6546527
26146.1857076
26265.3896445
26427.6941119
26446.0795585
26498.6813454
26543.6465681
26611.6147836
26790.1479861
26836.8133808
26877.5070637
27068.9721741
27077.8741704
27146.3526215
27157.7259979
27180.7707813
27531.7347975
27806.5639351
27866.8467763
27889.1185216
27963.3452191
28056.9255069
28061.5076501
28072.009575
28220.9187975
28447.8672861
28510.3542768
28780.4964446
