439.987525432
453.470790569
573.538718722
775.986806015
799.063347793
909.550382097
966.674049069
1060.70200859
1092.68689269
1196.36290417
1324.17353787
1666.11923069
1667.395504
1718.53221424
1853.30654524
1957.51711368
1970.82994619
2063.47043206
2161.03662076
2281.14590307
2351.44565952
2582.56486471
2661.48289342
2785.3138665
2931.52949501
2950.55675783
3001.97328865
3253.10547209
3272.72827951
3298.76693238
3432.85877549
3780.18950731
3788.03461652
3876.46322632
4013.21916763
4036.55769682
4283.54427651
4399.85526707
4470.67759066
4496.32907878
4663.1677377
4680.45947997
4691.47112963
4807.84432387
5048.80891535
5106.26769431
5126.17452245
5182.3309199
5310.43691984
5311.70567736
5328.21322977
5550.31872572
5697.17333782
5747.74070326
5888.8299391
6017.73461943
6020.39555658
6030.74365734
6046.68813579
6166.51146368
6252.38446239
6349.67393664
6423.03355452
6496.78192718
6811.70945192
7068.57410149
7236.34234236
7239.32130021
7620.94357313
7710.42310591
7726.19582732
7815.79402427
7837.4229713
7851.81619104
7937.36112985
8045.14113789
8045.97471591
8075.47370861
8282.53389562
8394.04739335
8444.29174348
8476.28606264
8606.54811427
8672.16648997
8848.93305578
8853.18654547
8963.71382412
9157.75397064
9250.37805894
9315.11720221
9317.83580186
9331.07658214
9374.61635415
9388.6757581
9650.11868886
9679.49482289
9952.67238707
10316.7847709
10408.56672
10410.9299206
10609.0524682
10644.0664185
10660.0183353
10800.7383745
10972.0918048
11040.9564505
11157.0198452
11177.3666128
11207.144029
11492.791283
11597.2122989
11707.7560612
11943.640264
12107.5253174
12137.9481902
12164.3333856
12193.1705883
12234.5932676
12473.5417681
12487.3472509
12596.6303692
12648.4828744
12674.8576571
12684.141535
12732.0696059
12958.8723228
12996.7637949
13010.2695055
13182.2122933
13215.552802
13899.7003078
13907.0661484
14008.293551
14228.5105734
14328.5678815
14394.9249828
14596.0061939
14808.3509249
14897.8924385
15011.9984228
15048.357687
15218.0010302
15501.675335
15772.4838095
16140.4640141
16177.848325
16239.6663206
16337.9890509
16386.2959967
16444.9106975
16577.026727
16738.060704
16818.5618883
16845.3605205
16847.8139062
16865.397252
17017.5094892
17058.0218194
17170.444831
17536.424883
17778.34033
17974.4380977
18039.777583
18171.3532131
18178.8584575
18240.0294402
18241.08325
18284.4538558
18352.3438923
18372.7685114
18447.082696
18453.8823629
18566.1348363
18626.3022618
18657.2293212
18824.9113353
18918.0553466
18919.5771267
18929.5869412
18996.2694998
19020.422795
19053.644401
19057.0039577
19170.263287
19231.6407975
19469.51645
19599.7827091
19964.8697506
20102.8012711
20299.0724615
20415.5466134
20567.6483307
20668.9815124
20727.1264524
21011.2782716
21165.3618168
21203.6523164
21205.3789437
21216.8093593
21220.9438962
21262.8429656
21689.7341567
21742.2260299
21840.3474217
21842.4205148
22040.9927081
22145.8165291
22154.7312437
22164.9560935
22198.7645336
22260.4765246
22298.2123468
22379.6278262
22458.8466948
22618.4753073
22650.5652791
22769.9477955
22882.5086855
22986.653982
23253.1397941
23308.8129163
23670.3642305
23928.8536667
24062.2708368
24121.4914796
24321.0831858
24331.7069212
24410.9407767
24679.1029176
24727.8984309
24769.0224735
24922.4063675
24931.0693949
25099.3078699
25144.8766827
25234.3515606
25300.442155
25347.8050533
25517.4969318
25732.4544019
25916.236738
25922.56014
25945.9247945
26057.4549172
26145.6755483
26179.4562586
26265.4467677
26428.3927342
26445.3512602
26498.7524588
26611.6598685
26790.2872731
26877.4837044
27069.1812864
27077.6476959
27146.9990125
27157.6558988
27181.1058764
27532.2204103
27866.4607724
27888.3807596
27963.5990519
28056.2566185
28071.6800343
28220.9104388
28510.1760289
28781.1765664
