331.733106992
439.649459559
453.101954016
526.885868275
573.631447185
682.196985189
798.351293529
909.520794746
966.864024582
1060.26138372
1092.01781839
1195.89351637
1324.35922763
1509.36232257
1666.77174091
1667.90043383
1718.14124837
1853.30783239
1957.78806228
1971.34331741
2161.08672998
2281.23812123
2351.41855969
2525.28037492
2582.07724129
2661.23332964
2951.03182082
3207.93460502
3252.36276538
3298.97680618
3876.59895124
4013.22126112
4037.2589128
4283.5557501
4445.69925673
4496.30864471
4652.80086227
4663.30042802
4680.41015025
4691.69520784
4807.53243696
5093.72192225
5106.75914009
5182.02139987
5310.40996768
5311.73694515
5327.98457665
5549.72020937
5696.6917854
5888.86825875
6017.61925859
6030.23806098
6166.63732143
6349.71309581
6422.63136307
6496.65463303
6654.01456278
6811.02115328
7068.18671086
7236.23464486
7239.55115089
7610.1767452
7620.90990908
7710.39165097
7726.32810665
7815.3587546
7837.86781072
7851.6726037
7936.73447141
8045.47694336
8045.94975176
8075.84753293
8283.04646928
8444.80061386
8476.75930595
8607.03320466
8671.90565376
8849.90985472
8851.22662499
8853.17929085
9002.35733553
9249.86306545
9331.29044409
9374.17024296
9388.29195299
9649.97691856
9679.39037973
9952.18224182
10236.5046093
10317.3849904
10609.3080733
10644.2836069
10659.9746939
10801.3886561
10971.5838649
11041.2769211
11149.0744512
11207.2032635
11597.7947747
11706.9187157
11943.8859418
12106.6330019
12164.4706555
12235.068563
12473.293412
12596.1663995
12648.3237132
12675.027936
12711.5443532
12732.6646403
12786.5782169
12945.0837195
12996.7369854
13009.8693287
13182.8672952
13215.504136
14007.84796
14227.8469727
14278.6990382
14329.1524129
14596.3735434
14808.1459957
14897.2343431
15011.9160955
15048.4962678
15319.3295798
15773.0594941
15796.1979439
16070.6225453
16177.2197723
16239.55087
16338.1139513
16386.1447713
16444.3718746
16576.8182529
16738.8664635
16819.0719983
16847.9727153
17017.6573158
17779.1513141
17974.5002841
18170.7888717
18239.5862608
18241.0339353
18284.0552298
18372.719583
18389.3577173
18447.5567222
18453.8587054
18565.2244605
18626.5402768
18657.6056547
18824.3939038
18929.3860227
18937.5925789
18996.2105991
19019.6352509
19053.7816196
19057.4942583
19230.9223429
19468.9598238
19599.9056288
20102.7319086
20299.7613096
20416.2666038
20567.893928
20669.6440341
20829.3991235
21010.9539382
21205.3930493
21221.1510099
21243.2638676
21364.1171449
21791.9883637
21840.2625382
22145.8366875
22165.2909872
22198.8157278
22260.3496902
22298.0803198
22458.7925315
22619.136121
22650.3181019
23253.4697409
23308.0267731
23670.433274
23929.5549693
24062.0019018
24122.0767712
24320.6219963
24332.0216173
24410.4346402
24678.7677109
24728.3166615
24769.3318585
24922.9468098
24930.706766
25099.9825938
25144.2269429
25233.947918
25348.5532774
25915.9070209
25945.3030343
26057.2045357
26179.0139352
26428.3340178
26543.4446074
26611.8960814
26790.0440344
26836.5800268
26877.3696333
27069.2533716
27077.1928647
27146.3010249
27157.9382944
27181.2724164
27531.5239098
27806.5421358
27866.6994319
27888.4464068
27963.2632947
28072.1187025
28220.4322171
28780.4688396
