332.417272019
440.041945736
453.534462441
526.656298837
573.58150992
681.775217815
775.992410383
798.270441832
909.804277102
1060.54724351
1092.31881172
1195.99428841
1509.56465629
1666.95069688
1667.64872326
2064.10604249
2160.39359621
2281.2561474
2350.76741202
2525.39208207
2582.65073962
2661.46440191
2785.68402486
2950.38613818
3002.73139485
3252.58480678
3272.32563888
3299.11116714
3432.04844022
3780.38827655
3787.57840076
3876.24125361
4013.44265354
4036.97794752
4283.30896264
4399.02980365
4445.98472719
4470.50507006
4496.08408631
4653.49475728
4662.99581403
4680.21910326
4691.70365946
4807.55754605
5048.75710171
5093.71508765
5106.77260978
5181.53169004
5231.61018561
5310.67942815
5312.12065768
5327.65030397
5550.17464464
5747.52127064
5889.45001854
6017.50576871
6046.21903292
6167.39454298
6252.09134187
6496.99601586
6653.9242571
6811.19802461
7067.94915017
7236.58112151
7239.29854568
7609.81659043
7621.22334904
7727.01304552
7816.16198657
7837.48146829
7851.83219083
7936.82455967
8045.92360021
8075.46936446
8394.41933471
8410.3039274
8444.85494466
8476.98498667
8606.19354654
8849.67590561
8851.039898
8853.12993343
8963.97984484
9002.2258789
9157.18897714
9250.55012968
9316.0241305
9317.71568706
9331.49161515
9374.24414237
9388.00064152
9649.96549776
9679.70177656
10237.0930718
10317.5667064
10408.6326615
10410.7751957
10608.9294386
10659.3556147
10801.0588039
10971.6845119
11040.8207509
11149.7262055
11156.3647832
11176.8132742
11206.6110125
11493.3102701
11597.3422392
11943.9278349
12137.8479784
12164.2558224
12192.9935485
12235.2205118
12248.3015932
12473.1147088
12487.7618676
12596.3334593
12648.8938784
12684.0494889
12711.4981297
12732.2415659
12786.5801194
12945.3014516
13009.6528736
13183.0388484
13215.3223302
13899.5207938
13907.1734464
14228.4989234
14279.2359754
14328.9595114
14394.5533408
14596.4184498
14808.6544627
14897.0455226
15011.8545243
15047.8322491
15217.5410163
15318.3886878
15501.3783692
15772.8387943
15796.6191469
16070.8088041
16139.9693695
16177.5886699
16240.2702421
16337.7963218
16386.0910107
16444.9842771
16576.9703209
16738.88739
16818.4823048
16844.8350177
16848.0022803
16864.5685458
17017.186015
17170.3437438
17450.9877886
17536.5828707
17778.5743447
17974.5505691
18040.3565027
18170.8983965
18178.4483813
18240.4213416
18241.1395955
18284.9979298
18352.4050332
18372.8877286
18389.0067602
18447.7499419
18453.9609388
18565.2120273
18585.2190374
18625.9094668
18824.600157
18918.1699116
18919.5010522
18929.4901666
18937.2598622
19019.7258404
19053.8304853
19056.6047428
19170.2750272
19231.3731281
19600.2404192
19964.8854951
20102.1960379
20225.3103762
20299.0420825
20415.5163514
20567.538275
20726.2737286
20829.596873
21011.0622165
21165.4331774
21203.5727342
21205.4335456
21220.9172306
21263.1614955
21364.653714
21689.9344789
21741.8320777
21791.8612157
21842.7183847
22040.964369
22145.1147971
22153.9746824
22165.1544579
22198.548761
22378.923966
22438.7361723
22459.5244872
22485.1359488
22618.6169477
22650.6112019
22770.6404909
22986.4732066
23253.5058951
23308.8504366
23670.2373317
23929.7342938
24062.4049521
24122.3302157
24321.0593409
24410.2335201
24679.0240621
24768.9737906
25100.1293579
25144.5634386
25300.5321282
25732.0185725
25922.6133268
25946.1864607
26056.9985617
26145.5469826
26179.8957533
26265.1993227
26428.502006
26446.2715382
26543.4407112
26612.4712721
26790.6960777
26877.3489178
27069.3018975
27077.687428
27147.1642909
27158.0672912
27181.1092336
27531.9682132
27888.5911812
28056.0255056
28061.2193514
28071.9042286
28221.0899768
28447.9441869
28510.4363823
28781.0810613
