526.391417935
967.396407824
1059.80268908
1196.57947258
1666.59096431
1718.63047778
1958.28561269
2064.00549102
2160.67337242
2350.87813734
2582.26384403
2784.7513157
2931.70480227
3002.87789584
3208.10261509
3252.79146489
3432.01172354
3787.86664822
4013.44928644
4470.75014225
4807.61457156
5048.90171706
5126.16976111
5312.1135498
5550.33423976
5747.25461022
5889.67284081
6017.60445151
6030.79252413
6046.5424763
6496.04062888
6811.37190634
7610.54020208
7837.90794333
8045.740331
8282.85193933
8476.94279297
8853.1577037
9002.60733772
9317.40812281
10408.5842492
10643.6733664
10659.5466384
10800.8848352
11177.1115759
11707.4406348
12138.6134293
12164.3959972
12234.8485069
12248.5692689
12472.8994832
12487.6989548
12684.0480916
12732.8538969
12786.3357286
12944.8127763
13216.1748248
13899.3119855
14008.2638295
14278.8381082
14328.8357426
14808.2468213
15218.2758775
15773.2815383
15796.9995242
16177.1565063
16444.3374302
16732.732159
16865.3945972
17017.4957081
17450.9164526
17778.7367398
18040.1784091
18241.1978093
18352.0746414
18388.972027
18625.8734379
18824.8942109
18919.912411
18937.2778623
18996.9960306
19056.6424611
19231.7842413
19599.8576015
20225.7716235
20299.4151335
21011.7531833
21216.3929999
21221.0543039
21842.836494
22041.3124871
22198.3972563
22298.0518917
22379.1665751
22459.6467689
22650.3017822
22986.392796
23253.5483077
24331.8965467
24727.7863722
25233.671904
25922.8573741
26145.9627124
26836.6410912
26877.6449258
27077.4416824
27157.2051897
27181.0001427
27888.6817216
27964.0814581
28061.2281337
28220.27686
28447.780213
