331.988378662
526.434741352
681.907175826
909.636363136
1092.16571334
1323.63728255
1509.3986963
1666.3282351
1971.01768288
2064.1665834
2160.42626462
2351.67489288
2525.43121253
2785.52159576
2931.48275039
3207.43806643
3252.88747392
3272.12915124
3876.40522746
4013.11615717
4283.64174528
4399.12138003
4471.00619538
4662.8709344
5093.41720873
5106.01968253
5181.66230307
5231.41261527
5310.79336618
5312.3351154
5328.59684201
5747.61217842
5889.60639848
6030.54832792
6166.59625301
6251.66237047
6423.42896245
6654.71909702
7067.90087126
7236.969626
7710.11061152
7837.19994383
8045.79569478
8045.42531515
8283.19368785
8394.17618174
8444.50910643
8671.5552157
8849.4367082
8852.87987866
9001.80903067
9315.30656581
9374.19766018
9650.3177873
9679.57151928
10236.8036551
10317.7014792
10801.4489109
11157.1877958
11493.2471987
11943.8213804
12235.0935754
12473.011048
12487.123736
12596.2329275
12732.6017317
14228.4303318
14278.4291299
14596.7796237
14808.473887
14897.258392
15048.3231231
15318.4341539
15501.4051401
16239.5065116
16386.7360254
16576.2607833
16844.9567016
17017.9681314
17536.7241908
17778.9880697
17974.9559841
18170.7481925
18239.6049355
18352.5326784
18389.137776
18566.0250574
18585.3070493
18917.7529199
18929.8744055
18996.7536252
19019.9481028
19057.1621054
20415.510544
20828.8718081
21011.3202892
21165.6215861
21203.0533576
21221.5616668
21689.1572786
21741.6480976
21792.4036311
21839.7615791
21843.1086691
22040.8930708
22165.2385677
22260.4053046
22459.6141598
22618.5815766
22770.5157471
22986.2049329
23929.1326506
24320.3126967
24410.7802213
24483.9049512
24769.0735105
24930.6376572
25234.1195688
25300.5326689
25732.6443793
25946.0366718
26057.6319267
26611.6820981
26790.0929531
27068.3674086
27077.4237462
27806.2665434
27963.2651585
28061.7539005
28510.8431
28781.1611166
