331.766088762
439.796022206
452.723976451
527.158419882
573.961254149
682.098995547
776.417050057
799.046434751
909.37563307
967.394043932
1060.33234528
1092.75352039
1196.40854415
1324.1506923
1509.76984824
1666.49254682
1667.56962622
1718.29303192
1853.39609516
1957.41621205
1971.52752461
2063.7604704
2160.92154046
2281.54192914
2351.27608774
2525.661126
2581.91570538
2661.28477371
2785.20907204
2931.71619191
2950.25862501
3002.60722561
3207.41885623
3253.05678259
3272.4358513
3299.08630965
3432.40667342
3780.06488415
3787.41882476
3876.81226484
4013.09213393
4036.44014086
4283.23720684
4399.84260573
4445.70674879
4471.27430101
4496.85524916
4653.36335121
4662.74919896
4679.86581732
4691.98554011
4807.70538225
5048.99456084
5094.17896354
5106.57506487
5126.74442875
5181.49333876
5231.79580556
5310.25468332
5311.79657546
5328.07011345
5549.91612377
5697.12887068
5747.71171405
5889.21757905
6017.84713088
6019.64958008
6030.45080191
6045.92650677
6166.8809528
6251.87913568
6349.76660995
6423.42050666
6496.85294197
6654.7286192
6811.26496452
7068.2205507
7236.54999442
7239.79895858
7609.72290424
7621.31398897
7710.24332877
7726.4666988
7815.96632578
7837.17047496
7852.08465095
7937.49829673
8045.25422937
8045.83184449
8075.59120747
8282.36433818
8394.19487006
8410.30828835
8444.20897136
8476.56750241
8606.55325729
8671.8505445
8848.97177476
8850.5302447
8853.18584982
8963.17621695
9002.38910734
9157.19234428
9250.24707806
9315.20327245
9317.33712858
9331.81089782
9374.28430825
9388.78269746
9649.77679857
9679.69300845
9952.33207971
10237.0072679
10316.8845935
10409.0579648
10410.6902254
10609.3946379
10644.5732479
10660.2874163
10800.6933081
10972.2582912
11041.6692016
11149.4072423
11156.9822242
11176.5628405
11207.0588859
11492.6503702
11597.6428979
11707.7501511
11943.7011224
12106.7902598
12138.0070372
12163.6531206
12193.6195552
12235.1997299
12248.2955855
12473.1789407
12487.7969412
12596.2735927
12648.8139232
12674.9355292
12684.1040405
12711.4912068
12732.5123577
12786.5287768
12945.5480861
12958.9160909
12997.0756925
13009.6974772
13182.9320403
13215.4702158
13899.6257678
13907.0551898
14008.1288503
14228.7275801
14279.238933
14329.0287732
14394.4074934
14596.7900639
14808.6495277
14897.6291781
15011.149784
15048.3397747
15218.2713496
15318.7924471
15501.507576
15773.0946774
15796.5839032
16070.7175259
16140.5434901
16177.3671947
16239.5798029
16337.5104585
16386.2818445
16444.435369
16576.1532492
16732.8404815
16738.312438
16845.1472815
16848.2098905
16865.4416164
17017.7292765
17057.963027
17170.5008749
17451.1384928
17536.385386
17778.362223
17974.852835
18040.1336979
18171.2847067
18178.7586598
18239.7341363
18241.4933284
18284.2794329
18352.1574244
18372.213989
18389.3897941
18447.0532184
18453.805937
18565.6797116
18584.7224385
18626.6820012
18657.2009697
18824.2881095
18918.564152
18919.6553301
18929.1993505
18937.6519934
18996.4123917
19020.5336199
19053.8243932
19057.3407325
19170.3068009
19231.0360218
19469.2047536
19600.0128105
19964.8513329
20102.4512639
20225.6869926
20299.8650648
20416.0090523
20568.0719288
20668.6696736
20726.7577329
20828.7808598
21011.6706363
21165.423053
21203.4398239
21205.5243937
21216.7350052
21221.250975
21243.6549969
21262.5527303
21364.1756258
21689.3280367
21741.7705481
21792.3858476
21839.7344145
21842.8791909
22041.4183993
22145.2657969
22154.5265535
22165.2458065
22198.5138691
22260.5843647
22297.9253216
22378.957294
22438.7424962
22459.3322818
22485.1803802
22618.3587595
22650.6339461
22770.0610474
22881.9425334
22986.4263478
23253.7744697
23308.2712912
23670.5920052
23929.1743303
24061.8718825
24121.48975
24321.2031354
24331.6180452
24410.7457859
24678.7785355
24727.8982372
24768.6084084
24922.3598369
24931.3188255
25099.7139712
25144.8584856
25233.6360894
25300.4332191
25348.3786448
25517.0988151
25732.0594216
25915.5837543
25922.6840856
25945.3623145
26057.0466625
26145.8472373
26179.0877721
26264.8787276
26427.7981581
26446.2617072
26499.1982626
26543.4994353
26612.4478328
26790.5841132
26836.2129986
26877.1163589
27069.2422972
27078.0515598
27146.3053813
27157.9474104
27180.9276047
27531.4481831
27806.5111604
27866.6387035
27888.5076057
27963.5686916
28056.8548638
28061.1981068
28072.2393175
28220.6975315
28447.4549619
28509.8533702
28780.4528002
