332.404437622
573.634494068
909.649194674
967.34258027
1060.77759728
1092.56904876
1196.05677866
1324.44583705
1666.4550688
1667.21309396
1718.88281949
1852.78136619
1958.18999878
1971.32128688
2063.6271099
2160.29251274
2281.86534617
2661.28011514
2784.94595169
2950.9526296
3002.64910434
3272.18279274
3876.62817476
4013.62538982
4037.09206517
4398.99745841
4445.17765589
4471.32229402
4496.7707816
4663.00937819
5093.64608651
5126.32400265
5182.21506803
5327.73921911
5747.29442745
6018.09204981
6030.17135488
6251.5716594
6349.57955604
6422.6052233
6496.31915641
6811.63497102
7236.97479111
7610.37270269
7726.7860072
7837.15009295
7851.73455944
8045.95873577
8045.45364491
8075.71692864
8410.09263309
8671.75225452
8963.88957892
9002.40323455
9157.56773109
9375.13896879
9388.32119437
9952.75687824
10236.4972395
10317.7506688
10409.3044111
10659.3582133
10800.7428503
11041.5554616
11206.9537927
11492.799965
11597.6339763
11707.5709532
11943.9766447
12106.7766964
12192.7776251
12248.4392496
12472.8399233
12487.4345134
12596.1900282
12786.8609512
12944.887914
12958.4525434
13009.8688618
13183.0327409
13215.8752273
14278.5404715
14329.3811558
14596.7391069
15011.4408147
15319.235564
15501.3804262
15796.6350279
16240.0642942
16337.9423549
16386.7655254
16576.8669838
16818.11499
16848.0759742
16865.2950441
17017.5842472
17058.0631269
17451.0138153
17974.3777331
18040.0907589
18240.2877171
18241.0511616
18284.98137
18447.5248449
18453.5321625
18585.1713766
18918.012808
19019.7646538
19057.3582245
19170.3349063
19600.3958787
19964.715704
20102.3984291
20415.6492778
20669.0758059
20829.0196031
21164.8240342
21216.3614148
21220.9808333
21243.5949337
21364.7391594
21689.3844689
21792.2632545
21840.0151845
21842.5046375
22041.3971349
22154.3102155
22165.0755742
22260.862373
22297.9701848
22439.5083574
22459.655614
22618.5401056
22650.0928199
22770.4372052
22882.1520227
23928.8314222
24122.1529457
24320.3095109
24332.3239493
24483.7375821
24678.5205272
24727.6425806
24931.1655241
25099.4095195
25348.303648
25915.9171882
25922.7246633
25946.0654666
26057.5280168
26179.355258
26265.0336185
26876.7047811
27069.3090551
27077.4857105
27157.3642735
27180.8079187
27532.1081739
27963.3153134
28061.0224188
28220.5836889
28447.9005981
28510.3501057
