331.660217422
439.61030738
452.778889795
527.028002002
574.126219214
776.350535692
798.742708395
967.205627846
1092.43061
1196.26012568
1324.55011645
1509.37475932
1666.13019941
1667.68305192
1718.60365949
1853.12703412
1970.82355727
2063.92402985
2160.3699594
2281.06452797
2351.62816265
2582.51787429
2661.49048376
2931.84359778
2950.54833245
3002.59629975
3207.56441848
3252.71520082
3272.92668486
3299.26007211
3432.46206728
3780.30199299
3876.97391626
4014.06020661
4036.71674502
4283.49087766
4399.66911325
4445.76414458
4470.46240531
4496.09284172
4653.40442865
4663.39757272
4691.59686074
4807.63372941
5048.57053745
5093.4707964
5231.22744444
5327.66899762
5550.00313645
5747.79616798
5889.5717176
6017.90447522
6020.26968155
6030.55512921
6046.27090927
6166.70916009
6251.8587004
6350.2701366
6423.2296814
6496.71749898
6653.90645261
6811.87428647
7068.34994996
7620.52048571
7709.91569535
7726.39726665
7815.56907258
7838.07248136
7852.24708745
7937.04912649
8045.87896208
8045.43146932
8075.44926691
8282.8458974
8394.55933614
8410.52096239
8444.41085334
8476.68024324
8606.58944911
8849.49449236
8851.07672557
8963.94168948
9002.50898932
9317.9879265
9330.94064559
9374.64585691
9388.65589201
9678.8452507
10317.143795
10410.2933031
10659.5203278
10800.4787673
10972.335828
11041.1280415
11149.4615717
11157.0702893
11176.9417721
11206.7403237
11492.7359698
11597.9532923
11943.8290264
12107.5686809
12138.0929138
12163.8565565
12193.6541284
12234.897181
12248.723116
12473.3380026
12487.8750328
12596.5963865
12648.6320822
12674.4974174
12684.6865003
12711.4782307
12732.2846263
12786.1445823
12945.3238972
12958.8984004
12996.4816861
13009.5491889
13182.7253331
13907.1845301
14007.7149918
14279.2433994
14328.5289228
14394.7738041
14808.0483791
14897.6318923
15011.2879156
15048.3218011
15217.7474782
15318.8978591
15501.8881458
15796.998614
16070.6772371
16140.5644752
16177.6612748
16240.031261
16386.7590312
16444.9185331
16576.7486419
16738.5716896
16818.2695208
16844.9101824
16848.2651585
16864.8409725
17017.0512971
17169.871764
17451.3545236
17536.063943
17778.5638633
17975.0173434
18171.077696
18239.7587579
18241.4571923
18284.309991
18389.1979011
18447.5581937
18453.7658508
18566.1754826
18585.235916
18626.4734076
18657.4213863
18823.9422784
18918.3125069
18919.4177269
18929.2333131
18937.305305
18996.3750596
19056.8151944
19170.2701604
19469.4513089
19599.651503
19964.79061
20102.8812524
20299.6227479
20415.365607
20567.9620525
20829.035715
21011.7297894
21165.5292836
21203.0717639
21216.3090069
21221.4109144
21243.1487412
21262.5406815
21363.9859728
21689.8176233
21791.7782504
21840.1117975
21842.3773073
22040.7251624
22145.5683916
22154.1804819
22165.5362888
22198.3710972
22261.0900111
22298.2559314
22379.5714076
22439.1213795
22459.1551913
22484.4748403
22618.5632057
22650.3537612
22986.7625225
23253.2424976
23929.6485905
24121.5170049
24320.7716196
24332.1040252
24410.5797225
24484.5834927
24728.0439037
24768.692325
24930.7521251
25099.7558953
25144.7955185
25233.5179844
25300.3435741
25517.0457379
25731.9082313
25945.6232833
26057.3131876
26145.5946263
26179.5900473
26264.9047973
26445.3435232
26499.0978815
26612.0217343
26837.0796733
26877.479314
27077.7454558
27146.8900848
27157.9069594
27181.4092931
27532.1939583
27866.3063899
27888.8718266
27964.0157756
28056.5766147
28061.5855991
28071.356357
28220.9368393
28510.2078387
28780.4371574
