332.397311422
439.835045592
452.792264862
526.967179157
573.894423173
681.380394761
776.301755967
799.05901863
909.121080644
966.695121248
1060.31797344
1091.85035827
1196.23272147
1323.98592369
1666.47276166
1667.91867417
1718.73689581
1852.81256293
1958.06404004
1971.73564676
2064.10067912
2160.97629674
2281.45265398
2525.64394832
2661.0416187
2785.52350255
2931.91824137
2950.74025739
3002.1521324
3208.14953922
3252.76840195
3272.86337782
3299.10293853
3432.72133444
3779.96625218
3787.56754775
3876.22841827
4013.69789326
4036.49573347
4283.91034722
4399.4699255
4445.23139544
4470.58766348
4496.37613871
4652.82579139
4662.94788847
4680.26924725
4692.01066446
4807.91073336
5049.14477731
5093.89130618
5105.86015085
5126.22942073
5181.99451461
5231.8157707
5310.37442963
5311.82447726
5327.91077982
5549.86027395
5696.85156166
5747.80000768
5888.80054723
6017.48224934
6019.98482603
6030.59514633
6045.90102998
6166.59389429
6252.09339142
6349.92622042
6423.35226816
6496.23050206
6654.59290914
6811.25662938
7068.20080638
7237.06111151
7239.94529788
7609.87409557
7621.26431434
7710.60609209
7726.19290185
7815.96043883
7837.43710503
7851.72597843
7937.32379179
8045.78240144
8045.52877436
8075.67852641
8283.08847251
8393.9311503
8410.16629785
8444.26660099
8476.87364361
8606.27106452
8849.75159117
8850.61596202
8853.09523089
8963.81210579
9001.70388455
9157.81165254
9250.46790682
9315.51717875
9317.5355792
9331.84741538
9374.22581552
9388.56325349
9649.77549742
9679.43604332
9952.3144031
10236.5050347
10408.3837286
10410.2424045
10609.3379601
10644.034263
10660.1605333
10801.3402425
10971.4456953
11041.1844818
11149.251017
11156.7770139
11176.7571934
11207.223326
11493.0381495
11597.2894819
11707.2743387
11943.5708735
12107.3006338
12138.4072274
12163.7395056
12192.8516379
12248.691084
12473.0541279
12487.8644126
12596.1407048
12648.9727273
12674.7313011
12684.6678824
12711.5955442
12732.3816552
12786.1629956
12944.8314866
12959.0670193
12996.9259262
13010.1928399
13182.1724462
13216.1781027
13899.6121176
13907.1774953
14008.1945849
14228.3230989
14278.941877
14328.6037578
14595.9606986
14808.0552244
14897.1699228
15011.7566539
15048.3388651
15217.8326756
15319.345488
15501.4191325
15773.1882565
15796.3627347
16070.2812211
16140.4506165
16240.4060768
16337.9466216
16386.555274
16444.8645398
16576.3250742
16732.1322473
16738.0404562
16818.2870924
16845.4622563
16848.0666416
16864.7166043
17017.8805257
17057.8941992
17169.6135288
17451.0581903
17536.6498217
17778.9393698
17974.7361326
18040.3576988
18171.2885296
18178.7081689
18240.3870978
18241.1309193
18284.6228315
18351.9571995
18372.1532394
18389.1965615
18447.0765765
18453.323572
18565.4097382
18585.3457757
18626.1897851
18656.9619468
18824.3297234
18918.2000982
18919.5198063
18929.7559216
18937.501848
18996.748814
19020.3228213
19053.6043768
19057.2130284
19170.7477904
19231.8149861
19468.6856838
19599.8644343
19964.8458145
20102.4512932
20225.5584339
20299.3832563
20415.9559243
20567.6607121
20668.9709068
20726.3777502
20829.5382198
21011.0230121
21164.9706701
21203.5620076
21205.8362665
21216.9423556
21221.6344679
21243.0083327
21263.0154498
21363.9541104
21689.1399525
21741.3660397
21791.9256265
21840.2215062
21843.139265
22145.7560057
22154.8358713
22165.2079852
22197.8807175
22260.8487977
22297.7400892
22379.3744615
22439.0587842
22459.3463891
22484.7884097
22618.5568085
22650.7905937
22769.9591509
22986.5628954
23253.4780012
23670.9688159
23929.4004113
24061.6115664
24122.1299736
24320.7270988
24410.1435444
24484.4540845
24679.284573
24728.3367852
24768.860679
24922.7389993
24930.8825018
25099.8013634
25144.2375318
25233.433932
25300.4523559
25517.4935452
25732.3156351
25915.9011343
25923.2728814
25946.022243
26057.3943591
26145.766859
26179.2285358
26265.2755926
26428.5323199
26445.591774
26499.0856915
26543.3285214
26612.0188021
26790.4947805
26836.7906845
26877.1292025
27069.3105995
27077.5317947
27146.8898568
27157.9014017
27180.7264018
27531.8615522
27806.399719
27866.9741933
27889.1550404
27964.104234
28056.7657702
28061.1797598
28072.002883
28221.1132545
28448.1108499
28510.340099
28780.860799
