332.408102839
452.790475272
526.220628332
681.685989676
775.669924073
909.328995938
966.664499978
1060.15101617
1196.21904532
1323.72448071
1509.58425252
1667.28262943
1971.0683991
2064.26266663
2281.2010868
2582.38674122
2660.95607608
2785.68907188
2931.85626492
2950.32594841
3002.46574856
3252.9540594
3272.17616396
3432.4702262
3779.74705381
3787.4687067
4013.1741379
4037.19158086
4283.91106208
4399.41323106
4445.16045169
4470.79334428
4496.05911685
4653.3473028
4663.31587492
4680.26402375
4691.4228692
4807.32319533
5049.02985425
5093.65681601
5106.42363132
5126.63733759
5181.84143508
5231.54106516
5310.9070099
5328.08054727
5697.32639314
5747.73521656
6018.00171545
6020.22259567
6030.53598752
6046.26778723
6251.78462647
6349.76703164
6496.9160136
6653.80928474
6811.60899684
7236.61252579
7240.16847827
7610.01618885
7621.31362242
7726.45026481
7837.71524291
7851.51283153
7937.00477217
8046.21365875
8075.03902172
8282.66104495
8394.55928202
8410.89177937
8476.32768134
8606.44764097
8849.8050825
8850.51887808
9001.82103435
9157.68807863
9250.09060086
9317.36272967
9375.06402168
9952.64941675
10236.6028386
10409.0240399
10410.6774593
10608.7815022
10644.1786244
10660.029884
10800.5110844
10971.7553596
11041.6566434
11149.7334022
11156.2077062
11177.1490825
11206.726909
11493.1323589
11707.3804069
11944.1925458
12107.1873502
12193.3080377
12234.4542569
12248.8134174
12487.8576298
12596.6575761
12649.0733839
12674.8272293
12684.2308417
12711.3630089
12786.5685101
12945.1597043
12996.8212884
13182.5924379
13899.2514014
14008.3289517
14328.7475277
14596.7895656
14897.4248438
15011.9848233
15048.1062838
15218.2517507
15318.743899
15501.513875
15796.4397394
16337.9338703
16386.7558698
16444.9913092
16576.9650521
16738.605394
16818.4228904
16845.4906621
16847.8602549
16865.1089023
17017.9617889
17058.0546557
17451.6097875
17536.3716491
17975.1197447
18171.2710855
18179.3754997
18240.2157508
18241.3236502
18284.9546789
18352.5863216
18372.8890473
18388.8601177
18447.5755953
18454.0495788
18565.2397293
18626.0068358
18656.812597
18919.4722566
18929.7836511
18937.7241354
18997.1467211
19019.8506556
19053.7383208
19170.392733
19231.1040825
19469.5126942
19600.3818538
20102.9834522
20224.9503516
20299.4032239
20416.2060324
20567.5396998
20669.3075456
20726.6459161
21011.43953
21203.5381773
21205.6209921
21216.6282496
21262.8516694
21364.4381927
21741.3065348
21791.7994385
21840.1007142
21843.0214192
22040.7292833
22145.6059058
22165.2202279
22198.8129818
22260.9029169
22297.3681084
22378.9950078
22438.9990023
22459.5405693
22485.0947648
22618.680397
22650.8512275
22770.0247305
22882.314383
22986.8584186
23253.3299056
23308.0400708
23670.3044094
23929.1122934
24061.7558981
24121.7727582
24320.2880418
24332.1063039
24410.9907785
24679.2999188
24727.5154795
24922.538381
24930.8895166
25099.249465
25145.0136911
25233.4246954
25300.5835701
25516.6302522
25915.7649426
25923.1972175
25946.0308625
26057.3521384
26146.3458385
26179.1267422
26265.5097731
26446.0116769
26498.69516
26542.9813846
26611.8683659
26790.55523
26836.3600969
26877.3907351
27068.5897976
27077.7384937
27146.7883431
27158.0538512
27181.3234962
27531.7955358
27867.0049431
27888.3052714
28056.8974683
28061.5348085
28220.3461345
28447.8635738
